报文标准参照
组数：300组
时间：2026-01-29 09:00:00

1234 5678 9012 3456 7890 1234 5678 9012 3456 7890
2345 6789 0123 4567 8901 2345 6789 0123 4567 8901
3456 7890 1234 5678 9012 3456 7890 1234 5678 9012
4567 8901 2345 6789 0123 4567 8901 2345 6789 0123
5678 9012 3456 7890 1234 5678 9012 3456 7890 1234
6789 0123 4567 8901 2345 6789 0123 4567 8901 2345
7890 1234 5678 9012 3456 7890 1234 5678 9012 3456
8901 2345 6789 0123 4567 8901 2345 6789 0123 4567
9012 3456 7890 1234 5678 9012 3456 7890 1234 5678
0123 4567 8901 2345 6789 0123 4567 8901 2345 6789

1111 2222 3333 4444 5555 6666 7777 8888 9999 0000
1122 3344 5566 7788 9900 1122 3344 5566 7788 9900
2233 4455 6677 8899 0011 2233 4455 6677 8899 0011
3344 5566 7788 9900 1122 3344 5566 7788 9900 1122
4455 6677 8899 0011 2233 4455 6677 8899 0011 2233
5566 7788 9900 1122 3344 5566 7788 9900 1122 3344
6677 8899 0011 2233 4455 6677 8899 0011 2233 4455
7788 9900 1122 3344 5566 7788 9900 1122 3344 5566
8899 0011 2233 4455 6677 8899 0011 2233 4455 6677
9900 1122 3344 5566 7788 9900 1122 3344 5566 7788

1357 2468 1357 2468 1357 2468 1357 2468 1357 2468
2468 1357 2468 1357 2468 1357 2468 1357 2468 1357
1234 4321 1234 4321 1234 4321 1234 4321 1234 4321
5678 8765 5678 8765 5678 8765 5678 8765 5678 8765
9012 2109 9012 2109 9012 2109 9012 2109 9012 2109
3456 6543 3456 6543 3456 6543 3456 6543 3456 6543
7890 0987 7890 0987 7890 0987 7890 0987 7890 0987
1111 1111 2222 2222 3333 3333 4444 4444 5555 5555
6666 6666 7777 7777 8888 8888 9999 9999 0000 0000
1234 5678 9012 3456 7890 1234 5678 9012 3456 7890
